                    genes     logFC     AveExpr         t       P.Value     adj.P.Val        B
86041   ENST00000257818.2 -6.563104  0.64320949 -43.41081 1.999475e-277 3.468829e-272 623.4357
118558 ENST00000241453.11 -7.346094  1.01434654 -42.04992 2.908818e-265 2.523211e-260 595.4595
68566   ENST00000216336.2 -7.921296  1.04051415 -40.69619 3.725213e-253 2.154253e-248 567.7213
3438   ENST00000284509.10 -6.919948  1.13194738 -40.27662 2.106051e-249 9.134313e-245 559.1872
29062   ENST00000592205.5 -5.531055  0.60421831 -39.18209 1.280081e-239 3.701289e-235 537.0041
131325  ENST00000633060.1 -5.531055  0.60421831 -39.18209 1.280081e-239 3.701289e-235 537.0041
111465  ENST00000427103.5 -6.191857  1.70371442 -38.77050 6.073232e-236 1.505181e-231 528.3151
157180  ENST00000360121.4 -6.418050  4.18500326 -38.59440 2.267870e-234 4.918075e-230 524.0902
6148    ENST00000378962.3 -6.077395  2.06204757 -37.15846 1.429613e-221 2.755769e-217 495.3618
140866  ENST00000612677.4 -6.153270  0.22939299 -37.13053 2.533687e-221 4.395617e-217 495.1452
31413   ENST00000309017.7 -5.542533  0.44487831 -37.10232 4.516118e-221 7.122616e-217 494.5687
95220   ENST00000304625.2 -7.457987  1.32176760 -36.98291 5.212212e-220 7.535425e-216 491.8687
118559  ENST00000380987.2 -6.080402  0.51365729 -36.04180 1.189894e-211 1.587932e-207 472.9581
4908    ENST00000598473.1 -5.020275  0.38877278 -35.54533 2.977317e-207 3.689470e-203 462.9523
29063   ENST00000233997.3 -6.339387  0.17023708 -35.35110 1.556733e-205 1.687956e-201 458.9910
131326  ENST00000620695.2 -6.339387  0.17023708 -35.35110 1.556733e-205 1.687956e-201 458.9910
31412   ENST00000367279.8 -6.365475  1.46783167 -35.08357 3.603335e-203 3.677246e-199 453.3648
41835   ENST00000376581.9  2.519826 -3.10284465  34.82036 7.591117e-201 7.316445e-197 448.8776
1650    ENST00000635923.1 -5.000019  0.96653306 -34.62200 4.260894e-199 3.890578e-195 444.1880
101614  ENST00000448387.6 -6.076344  3.28097427 -34.46741 9.808222e-198 8.507995e-194 440.6207
9619    ENST00000537784.5 -5.135920  0.95552293 -34.45600 1.236033e-197 1.021122e-193 440.8325
157178  ENST00000563039.2 -6.267055  1.42391584 -34.29560 3.192260e-196 2.517344e-192 437.4748
108642  ENST00000381297.9 -6.143917  3.35169526 -34.17568 3.622566e-195 2.732470e-191 434.7330
28538   ENST00000611771.1 -5.046511  2.14820985 -34.01628 9.124166e-194 6.595517e-190 431.7871
112083  ENST00000430686.2 -3.838204 -0.76685278 -33.93302 4.915606e-193 3.411175e-189 430.5768
36527   ENST00000304639.3 -5.118626 -0.23970221 -33.90401 8.837325e-193 5.896773e-189 429.8804
59753   ENST00000393118.6  5.169038 -1.06875915  33.89604 1.038320e-192 6.671669e-189 430.0725
141101  ENST00000554578.5 -4.877131  0.32449351 -33.77610 1.172469e-191 7.264575e-188 427.2459
120768  ENST00000400007.8  3.541891 -2.22728233  33.70412 5.017761e-191 3.001780e-187 426.2792
123646  ENST00000245479.2  4.810876 -1.11639576  33.54041 1.366857e-189 7.904398e-186 422.9132
3430    ENST00000561385.5 -4.258414 -0.40520289 -33.52217 1.975135e-189 1.105355e-185 422.2561
88583   ENST00000215855.6  2.196804 -3.49188440  33.48175 4.462929e-189 2.419563e-185 421.8460
142179 ENST00000293373.10 -5.946965  3.75445254 -33.32817 9.869978e-188 5.188827e-184 417.6684
31429   ENST00000468385.1 -3.868597  0.74451209 -33.32228 1.111242e-187 5.670180e-184 418.1098
2677    ENST00000477988.1  2.470065 -2.99777517  33.31264 1.349610e-187 6.689710e-184 418.4324
96247   ENST00000282026.1 -4.335697  2.09727965 -33.30564 1.554097e-187 7.489322e-184 417.5582
120765 ENST00000346128.10  4.019133 -1.93053998  33.27320 2.987482e-187 1.400782e-183 417.5950
99965   ENST00000261233.8 -5.984545  3.26453798 -33.26837 3.292533e-187 1.503188e-183 416.5583
104020  ENST00000359135.7  4.348701 -1.73157959  33.26272 3.689160e-187 1.641080e-183 417.3736
112054  ENST00000367814.8 -6.655384  1.18116043 -33.24897 4.866755e-187 2.110797e-183 416.4816
7712    ENST00000515859.5  4.320202 -1.84945894  33.21998 8.724750e-187 3.691782e-183 416.5225
7721    ENST00000507316.1  2.751326 -2.96146506  33.18552 1.746324e-186 7.213441e-183 415.8779
124788  ENST00000355530.6 -5.235151 -0.08096935 -33.12603 5.782588e-186 2.333032e-182 414.2374
60798   ENST00000531348.5  2.443406 -3.24857990  33.05627 2.353544e-185 9.279757e-182 413.2900
4906    ENST00000262262.4 -5.556909  0.59458285 -33.04815 2.771003e-185 1.068295e-181 412.5826
113281  ENST00000264824.4 -5.734484  1.89893004 -33.02852 4.112595e-185 1.551047e-181 411.9961
112055  ENST00000527615.5 -3.826171 -0.85556631 -32.93216 2.854076e-184 1.053500e-180 410.4900
41522   ENST00000381501.7 -4.438849  1.70312011 -32.85156 1.441794e-183 5.211093e-180 408.5358
52328   ENST00000373304.3 -5.525134  1.12739912 -32.82958 2.242007e-183 7.937941e-180 408.1404
94524   ENST00000281938.6  4.383234 -1.55737869  32.64695 8.763778e-182 3.040803e-178 405.0196